1357500776785076228
1357500469308891140
1357499788166578177
1357498506538319872
1357497572114374661
1357497440362876929
1357497177795416066
1357496677905518592
1357495805607878661
1357494017349591042
1357492763672084480
1357492326445244416
1357491756540043265
1357490541085089794
1357489731211169792
1357723777656832005
1357723727417466880
1357723624191504384
1357723501810057216
1357723396377694211
1357723031163002880
1357722755035058180
1357722243900571648
1357721928010661891
1357721859962376196
1357721847727538176
1357721677153652736
1357721660527431681
1357721588314079235
1357721545058234370
1357721417387753472
1357721063048806400
1357720963845095428
1357720796752445445
1357720794588135428
1357720714221146114
1357720648060125185
1357720522549772292
1357720431877365766
1357720352663629824
1357719954586484739
1357719797358804997
1357719760528629777
1357719550180089859
1357719509881270272
1357719418772545539
1357719366561890304
1357719306235224066
1357719162643230720
1357718948838572034
1357718748543610882
1357718604502847491
1357718556616622083
1357718449598906371
1357718209386999812
1357718180987359234
1357718161144098818
1357718145902014464
1357718125911937029
1357717798919806977
1357717316352548864
1357716460660002822
1357716424148480009
1357716243361517568
1357716043448344578
1357715957435797505
1357715849919004677
1357715822496604161
1357715651930984454
1357715577217818634
1357715556535853057
1357715514466959366
1357715360426827777
1357715351698608135
1357715340130738181
1357715320723697664
1357715317766508545
1357714677367771138
1357714608337813504
1357714530047000576
1357714043268722692
1357714010293075968
1357713958153687044
1357713734316285953
1357713686274654209
1357713678502670336
1357713616003293190
1357713574421016577
1357713497224843266
1357713463230009348
1357713448046530566
1357713315229798405
1357712753297874949
1357712748348514307
1357712611576602633
1357712543570010119
1357712172823044101
1357712120733958150
1357712015268204547
1357712004446887940
1357711992740581377
1357711968103264261
1357711935287025664
1357711925115817984
1357711818622455810
1357711813677375493
1357711645578047490
1357711581270990848
1357711387800313859
1357711246938812418
1357711219533221898
1357711182384279557
1357711066868940801
1357711024414208008
1357710990322913288
1357710915530088454
1357710631982497793
1357710553385492481
1357710494325493760
1357710436678963202
1357710276334911488
1357709995253587970
1357709936952754177
1357709785538457601
1357709555686387713
1357709224613187585
1357709025853530115
1357708958337814528
1357708779786297344
1357708762790977538
1357708646466129920
1357708641659355140
1357708603432587265
1357708550936662020
1357708475833462786
1357708451703492610
1357708422800683010
1357708329175445505
1357708285361745926
1357708134576398337
1357708103479930880
1357708086774013953
1357708025759469571
1357707931265941505
1357707832892792833
1357707667691757570
1357707625664765953
1357707459662610436
1357707391727468547
1357707380146860032
1357707349373321218
1357707336941527044
1357707231681261572
1357707191764008961
1357707153222549508
1357707082837942272
1357707026328137728
1357707018400911363
1357706890906599424
1357706838104539136
1357706750108049409
1357706699436613633
1357706694663487489
1357706581669007361
1357706455546273802
1357706280857710593
1357706215548203012
1357706182949916672
1357706018956800008
1357705798877593601
1357705537249570816
1357705496464138241
1357705237608415232
1357705155865686016
1357705046545362944
1357705024529334273
1357704883521093632
1357704844979634190
1357704835827527681
1357704802826911745
1357704799601500160
1357704750402256899
1357704579224383490
1357704575357181952
1357704440636186625
1357704260893483008
1357704175073820672
1357704133994819584
1357704023470723079
1357704003807834113
1357703910853640194
1357703868801515523
1357703754603245568
1357703607026651137
1357703558834106369
1357703503242747907
1357703458044977153
1357703337957851137
1357703336586338304
1357702805402877953
1357702670040072197
1357702641799876613
1357702535918858242
1357702490427375617
1357702385100083201
1357702297837592576
1357702261170987012
1357702222612750336
1357702087451246593
1357702060205039616
1357701879078207491
1357701796177788933
1357701753014276096
1357701552325148676
1357701540144959489
1357701451334758407
1357701394732511232
1357701205418528768
1357701103224258561
1357701076825341952
1357700610557149185
1357700319996747777
1357700220176510979
1357700114387763202
1357699849349550080
1357699811206717442
1357699754000592901
1357699665446199298
1357699523049586688
1357699413955801092
1357699332107956229
1357699276818685956
1357699266739769347
1357699231650357248
1357698857778483206
1357698798605246465
1357698796134752258
1357698606241894400
1357698586021093376
1357698553372631042
1357698095467831299
1357698054309240835
1357698017642569728
1357698015071453184
1357697993298874368
1357697973447180288
1357697885308076037
1357697814999035905
1357697369731694592
1357697247715217415
1357697184351846403
1357697177989046272
1357696869363761155
1357696560847593476
1357696441607745538
1357696437438529545
1357696385911554054
1357696357507600385
1357696143904436225
1357696119128604674
1357696008172539906
1357695855638183936
1357695808502702080
1357695710582439936
1357695633688121346
1357695425483067392
1357695244192645121
1357695190278967304
1357695186877431811
1357695117507854338
1357694945012940801
1357694801135755266
1357694758660026371
1357694667270230019
1357694588127969280
1357694384624566278
1357694293419327495
1357694273978830852
1357694254710198274
1357694203975917573
1357694151958102017
1357694146606202886
1357694038460272647
1357694028784017408
1357693992331317248
1357693927319613444
1357693892703969280
1357693758255607811
1357693710805291011
1357693491736903684
1357693419980750857
1357693077884792840
1357693021408665601
1357692975866925059
1357692643770314753
1357692436294819845
1357692384616861697
1357692335463821324
1357692284536561668
1357692266685620229
1357692257206476808
1357692204773482498
1357691773037015041
1357691714350243840
1357691520573452297
1357691449672933378
1357691297109336067
1357691275105943552
1357691272471937026
1357691212262744065
1357690961988628481
1357690956032724992
1357690922365050885
1357690881483169793
1357690711408136196
1357690477735268355
1357690421846171652
1357690410592833536
1357690380205047808
1357690265272782850
1357690255487418379
1357690185899782147
1357690073135783939
1357689967506579457
1357689779408801797
1357689659908890626
1357689635707777026
1357689431721988099
1357689386566119426
1357689104901804034
1357688940631834624
1357688839482056711
1357688796406571008
1357688728567832577
1357688613358698497
1357688585827278851
1357688484677505026
1357688366666514433
1357688333355397121
1357688029905887233
1357687953548574725
1357687868035112961
1357687843058049029
1357687751357980672
1357687724728344576
1357687723704819713
1357687666528178177
1357687648517775361
1357687626589851649
1357687542599057415
1357687541302841346
1357687505362030592
1357687477314719744
1357687364735422466
1357687345231847425
1357687292140396545
1357687123868983299
1357687042851950597
1357686923737849859
1357686906239221763
1357686747325476867
1357686731647164416
1357686629406806018
1357686460523180036
1357686381695279114
1357686269065707520
1357686135108087810
1357686132956426253
1357685781809274888
1357685225975762944
1357685029560848384
1357684974242168847
1357684909276594178
1357684668322246656
1357684557873618945
1357684422104018944
1357684396896235527
1357684321025486848
1357684299621933057
1357684187252326404
1357684037834465281
1357684012832161792
1357683871383498757
1357683731935481858
1357683677564665861
1357683656949714948
1357683581833912321
1357683528469598213
1357683490632986630
1357683404486176769
1357682982765682690
1357682936091410432
1357682919289069569
1357682901643591685
1357682830952845315
1357682541839458306
1357682449690542080
1357682050640318465
1357681913947959296
1357681869349916673
1357681864937455619
1357681813892784135
1357681718543724546
1357681686885056517
1357681658607075330
1357681629062434819
1357681594249658368
1357681581582909446
1357681573030555649
1357681413265498113
1357681251029839875
1357681143441727489
1357680996179714050
1357680995424755719
1357680846594072578
1357680742596284419
1357680587579011072
1357680535997399040
1357680487238631427
1357680476933259266
1357680339699834885
1357680277372489728
1357680232849891330
1357680187597496321
1357680140373876738
1357680078734385152
1357679776442458113
1357679708687785984
1357679686034292736
1357679575870881792
1357679564286222336
1357679475438145538
1357679282437382146
1357679229501136897
1357679226346995715
1357679188006887425
1357679153743618052
1357679043538214912
1357679015113457665
1357678993932247040
1357678938290544641
1357678824104882176
1357678782329606144
1357678710732726274
1357678710586040321
1357678693741715458
1357678481052737536
1357678479576342529
1357678142132015105
1357678116894887936
1357678042668236803
1357677968919789575
1357677824488787972
1357677785507106825
1357677724698112001
1357677688417312779
1357677575930265600
1357677568426704897
1357677540027076608
1357677490123247616
1357677485392076802
1357677396820979712
1357677198514282496
1357677095531515917
1357677093484515329
1357677033342590977
1357676993156816898
1357676909744836609
1357676787086557184
1357676772125519874
1357676752055775237
1357676700977487873
1357676690001047555
1357676669436391424
1357676658078191616
1357676526444179472
1357676419665580033
1357676331631214593
1357676146930970624
1357676108074876931
1357676067289522177
1357676052961714177
1357675985630613511
1357675907314561025
1357675896493273090
1357675843208765440
1357675822090510339
1357675808446320642
1357675730243616773
1357675670353006593
1357675585514967040
1357675549766922240
1357675436260683776
1357675376915451907
1357675351313440772
1357675304731475970
1357675126842675200
1357675083687464962
1357675003530117120
1357674884214661120
1357674838484262917
1357674655566483456
1357674615393386496
1357674525748580356
1357674290225819649
1357674280608296962
1357674269904228355
1357674212098363394
1357674192867573761
1357674143026675712
1357673950998896641
1357673698275262464
1357673649826893826
1357673643929718784
1357673321920409603
1357724840040480768
1357724829265321986
1357724802887385090
1357724579914018817
1357724420752744453
1357724325701296128
1357724171095199744
1357724150928932864
1357724130309726210
1357723777656832005
1357723727417466880
1357723624191504384
1357723501810057216
1357723396377694211
1357723031163002880
1357722755035058180
1357722243900571648
1357721928010661891
1357721859962376196
1357721847727538176
1357721677153652736
1357721660527431681
1357721588314079235
1357721545058234370
1357721417387753472
1357721063048806400
1357720963845095428
1357720796752445445
1357720794588135428
1357720714221146114
1357720648060125185
1357720522549772292
1357720431877365766
1357720352663629824
1357719954586484739
1357719797358804997
1357719760528629777
1357719550180089859
1357719509881270272
1357719418772545539
1357719366561890304
1357719306235224066
1357719162643230720
1357718948838572034
1357718748543610882
1357718604502847491
1357718556616622083
1357718449598906371
1357718209386999812
1357718180987359234
1357718161144098818
1357718145902014464
1357718125911937029
1357717798919806977
1357717316352548864
1357716460660002822
1357716424148480009
1357716243361517568
1357716043448344578
1357715957435797505
1357715849919004677
1357715822496604161
1357715651930984454
1357715577217818634
1357715556535853057
1357715514466959366
1357715360426827777
1357715351698608135
1357715340130738181
1357715320723697664
1357715317766508545
1357714677367771138
1357714608337813504
1357714530047000576
1357714043268722692
1357714010293075968
1357713958153687044
1357713734316285953
1357713686274654209
1357713678502670336
1357713616003293190
1357713574421016577
1357713497224843266
1357713463230009348
1357713448046530566
1357713315229798405
1357712753297874949
1357712748348514307
1357712611576602633
1357712543570010119
1357712172823044101
1357712120733958150
1357712015268204547
1357712004446887940
1357711992740581377
1357711968103264261
1357711935287025664
1357711925115817984
1357711818622455810
1357711813677375493
1357711645578047490
1357711581270990848
1357711387800313859
1357711246938812418
1357711219533221898
1357711182384279557
1357711066868940801
1357711024414208008
1357710990322913288
1357710915530088454
1357710631982497793
1357710553385492481
1357710494325493760
1357710436678963202
1357710276334911488
1357709995253587970
1357709936952754177
1357709785538457601
1357709555686387713
1357709224613187585
1357709025853530115
1357708958337814528
1357708779786297344
1357708762790977538
1357708646466129920
1357708641659355140
1357708603432587265
1357708550936662020
1357708475833462786
1357708451703492610
1357708422800683010
1357708329175445505
1357708285361745926
1357708134576398337
1357708103479930880
1357708086774013953
1357708025759469571
1357707931265941505
1357707832892792833
1357707667691757570
1357707625664765953
1357707459662610436
1357707391727468547
1357707380146860032
1357707349373321218
1357707336941527044
1357707231681261572
1357707191764008961
1357707153222549508
1357707082837942272
1357707026328137728
1357707018400911363
1357706890906599424
1357706838104539136
1357706750108049409
1357706699436613633
1357706694663487489
1357706581669007361
1357706455546273802
1357706280857710593
1357706215548203012
1357706182949916672
1357706018956800008
1357705798877593601
1357705537249570816
1357705496464138241
1357705237608415232
1357705155865686016
1357705046545362944
1357705024529334273
1357704883521093632
1357704844979634190
1357704835827527681
1357704802826911745
1357704799601500160
1357704750402256899
1357704579224383490
1357704575357181952
1357704440636186625
1357704260893483008
1357704175073820672
1357704133994819584
1357704023470723079
1357704003807834113
1357703910853640194
1357703868801515523
1357703754603245568
1357703607026651137
1357703558834106369
1357703503242747907
1357703458044977153
1357703337957851137
1357703336586338304
1357702805402877953
1357702670040072197
1357702641799876613
1357702535918858242
1357702490427375617
1357702385100083201
1357702297837592576
1357702261170987012
1357702222612750336
1357702087451246593
1357702060205039616
1357701879078207491
1357701796177788933
1357701753014276096
1357701552325148676
1357701540144959489
1357701451334758407
1357701394732511232
1357701205418528768
1357701103224258561
1357701076825341952
1357700610557149185
1357700319996747777
1357700220176510979
1357700114387763202
1357699849349550080
1357699811206717442
1357699754000592901
1357699665446199298
1357699523049586688
1357699413955801092
1357699332107956229
1357699276818685956
1357699266739769347
1357699231650357248
1357698857778483206
1357698798605246465
1357698796134752258
1357698606241894400
1357698586021093376
1357698553372631042
1357698095467831299
1357698054309240835
1357698017642569728
1357698015071453184
1357697993298874368
1357697973447180288
1357697885308076037
1357697814999035905
1357697369731694592
1357697247715217415
1357697184351846403
1357697177989046272
1357696869363761155
1357696560847593476
1357696441607745538
1357696437438529545
1357696385911554054
1357696357507600385
1357696143904436225
1357696119128604674
1357696008172539906
1357695855638183936
1357695808502702080
1357695710582439936
1357695633688121346
1357695425483067392
1357695244192645121
1357695190278967304
1357695186877431811
1357695117507854338
1357694945012940801
1357694801135755266
1357694758660026371
1357694667270230019
1357694588127969280
1357694384624566278
1357694293419327495
1357694273978830852
1357694254710198274
1357694203975917573
1357694151958102017
1357694146606202886
1357694038460272647
1357694028784017408
1357693992331317248
1357693927319613444
1357693892703969280
1357693758255607811
1357693710805291011
1357693491736903684
1357693419980750857
1357693077884792840
1357693021408665601
1357692975866925059
1357692643770314753
1357692436294819845
1357692384616861697
1357692335463821324
1357692284536561668
1357692266685620229
1357692257206476808
1357692204773482498
1357691773037015041
1357691714350243840
1357691520573452297
1357691449672933378
1357691297109336067
1357691275105943552
1357691272471937026
1357691212262744065
1357690961988628481
1357690956032724992
1357690922365050885
1357690881483169793
1357690711408136196
1357690477735268355
1357690421846171652
1357690410592833536
1357690380205047808
1357690265272782850
1357690255487418379
1357690185899782147
1357690073135783939
1357689967506579457
1357689779408801797
1357689659908890626
1357689635707777026
1357689431721988099
1357689386566119426
1357689104901804034
1357688940631834624
1357688839482056711
1357688796406571008
1357688728567832577
1357688613358698497
1357688585827278851
1357688484677505026
1357688366666514433
1357688333355397121
1357688029905887233
1357687953548574725
1357687868035112961
1357687843058049029
1357687751357980672
1357687724728344576
1357687723704819713
1357687666528178177
1357687648517775361
1357687626589851649
1357687542599057415
1357687541302841346
1357687505362030592
1357687477314719744
1357687364735422466
1357687345231847425
1357687292140396545
1357687123868983299
1357687042851950597
1357686923737849859
1357686906239221763
1357686747325476867
1357686731647164416
1357686629406806018
1357686460523180036
1357686381695279114
1357686269065707520
1357686135108087810
1357686132956426253
1357685781809274888
1357685225975762944
1357685029560848384
1357684974242168847
1357684909276594178
1357684668322246656
1357684557873618945
1357684422104018944
1357684396896235527
1357684321025486848
1357684299621933057
1357684187252326404
1357684037834465281
1357684012832161792
1357683871383498757
1357683731935481858
1357683677564665861
1357683656949714948
1357683581833912321
1357683528469598213
1357683490632986630
1357683404486176769
1357682982765682690
1357682936091410432
1357682919289069569
1357682901643591685
1357682830952845315
1357682541839458306
1357682449690542080
1357682050640318465
1357681913947959296
1357681869349916673
1357681864937455619
1357681813892784135
1357681718543724546
1357681686885056517
1357681658607075330
1357681629062434819
1357681594249658368
1357681581582909446
1357681573030555649
1357681413265498113
1357681251029839875
1357681143441727489
1357680996179714050
1357680995424755719
1357680846594072578
1357680742596284419
1357680587579011072
1357680535997399040
1357680487238631427
1357680476933259266
1357680339699834885
1357680277372489728
1357680232849891330
1357680187597496321
1357680140373876738
1357680078734385152
1357679776442458113
1357679708687785984
1357679686034292736
1357679575870881792
1357679564286222336
1357679475438145538
1357679282437382146
1357679229501136897
1357679226346995715
1357679188006887425
1357679153743618052
1357679043538214912
1357679015113457665
1357678993932247040
1357678938290544641
1357678824104882176
1357678782329606144
1357678710732726274
1357678710586040321
1357678693741715458
1357678481052737536
1357678479576342529
1357678142132015105
1357678116894887936
1357678042668236803
1357677968919789575
1357677824488787972
1357677785507106825
1357677724698112001
1357677688417312779
1357677575930265600
1357677568426704897
1357677540027076608
1357677490123247616
1357677485392076802
1357677396820979712
1357677198514282496
1357677095531515917
1357677093484515329
1357677033342590977
1357676993156816898
1357676909744836609
1357676787086557184
1357676772125519874
1357676752055775237
1357676700977487873
1357676690001047555
1357676669436391424
1357676658078191616
1357676526444179472
1357676419665580033
1357676331631214593
1357676146930970624
1357676108074876931
1357676067289522177
1357676052961714177
1357675985630613511
1357675907314561025
1357675896493273090
1357675843208765440
1357675822090510339
1357675808446320642
1357675730243616773
1357675670353006593
1357675585514967040
1357675549766922240
1357675436260683776
1357675376915451907
1357675351313440772
1357675304731475970
1357675126842675200
1357675083687464962
1357675003530117120
1357674884214661120
1357674838484262917
1357674655566483456
1357674615393386496
1357674525748580356
1357674290225819649
1357674280608296962
